96 252
96 250
97 249
97 248
98 247
98 246
99 245
99 244
102 241
102 240
103 239
103 238
107 234
107 233
112 228
112 227
113 226
113 224
114 223
114 222
115 221
115 219
114 218
110 218
109 219
93 219
92 218
86 218
85 217
82 217
81 216
79 216
78 215
76 215
75 214
73 214
72 213
70 213
69 212
68 212
67 211
66 211
65 210
64 210
62 208
61 208
60 207
59 207
57 205
56 205
53 202
52 202
38 188
38 187
35 184
35 183
33 181
33 180
32 179
32 178
30 176
30 175
29 174
29 173
28 172
28 171
27 170
27 168
26 167
26 166
25 165
25 163
24 162
24 160
23 159
23 157
22 156
22 153
21 152
21 148
20 147
20 141
19 140
19 122
20 121
20 115
21 114
21 110
22 109
22 106
23 105
23 103
24 102
24 100
25 99
25 97
26 96
26 95
27 94
27 92
28 91
28 90
29 89
29 88
30 87
30 86
32 84
32 83
33 82
33 81
35 79
35 78
38 75
38 74
52 60
53 60
56 57
57 57
59 55
60 55
61 54
62 54
64 52
65 52
66 51
67 51
68 50
69 50
70 49
72 49
73 48
75 48
76 47
78 47
79 46
81 46
82 45
85 45
86 44
92 44
93 43
109 43
110 44
111 43
117 43
118 42
134 42
135 43
141 43
142 44
145 44
146 45
149 45
150 46
152 46
153 47
154 47
155 48
157 48
158 49
159 49
160 50
161 50
162 51
163 51
164 52
165 52
166 53
167 53
169 55
170 55
172 57
173 57
176 60
177 60
189 72
189 73
192 76
192 77
194 79
194 80
196 82
196 83
197 84
197 85
198 86
198 87
199 88
199 89
200 90
200 91
201 92
201 93
202 94
202 95
203 96
203 98
204 99
204 101
205 102
205 104
206 105
206 108
207 109
207 113
208 114
208 120
209 121
209 139
208 140
208 146
207 147
207 151
206 152
206 155
205 156
205 158
204 159
204 161
203 162
203 164
202 165
202 166
201 167
201 168
200 169
200 170
199 171
199 172
198 173
198 174
197 175
197 176
196 177
196 178
194 180
194 181
192 183
192 184
189 187
189 188
177 200
176 200
173 203
172 203
170 205
169 205
167 207
166 207
165 208
164 208
163 209
162 209
161 210
160 210
159 211
158 211
157 212
155 212
154 213
153 213
152 214
150 214
149 215
146 215
145 216
142 216
141 217
135 217
134 218
125 218
124 219
125 220
125 221
127 223
127 224
133 230
134 230
135 231
136 231
138 233
139 233
142 236
145 236
147 238
150 238
151 239
154 239
156 241
156 244
153 247
150 247
149 248
134 248
133 247
131 247
130 246
129 246
127 244
126 244
122 240
122 238
115 231
114 231
110 235
110 236
107 239
107 240
103 244
103 245
102 246
102 247
101 248
101 249
100 250
100 251
99 252
